HIT_______ MESH______ ground_hit2		-2000.0, 3000.0,    0.0,   0.0,   0.0,  90.0,   1.0,   1.0,
HIT_______ MESH______ ground_hit2		-1250.0,    0.0,    0.0,   0.0,   0.0,   0.0,   1.0,   1.0,
HIT_______ MESH______ ground_hit2		 3650.0,    0.0,    0.0,   0.0,   0.0,   0.0,   1.0,   1.0,
HIT_______ MESH______ ground_hit2		 8550.0,    0.0,    0.0,   0.0,   0.0,   0.0,   1.0,   1.0,
HIT_______ MESH______ ground_hit2		13450.0,    0.0,    0.0,   0.0,   0.0,   0.0,   1.0,   1.0,
HIT_______ MESH______ ground_hit2		18350.0,    0.0,    0.0,   0.0,   0.0,   0.0,   1.0,   1.0,
HIT_______ MESH______ ground_hit2		23250.0,    0.0,    0.0,   0.0,   0.0,   0.0,   1.0,   1.0,
HIT_______ MESH______ ground_hit2		28150.0,    0.0,    0.0,   0.0,   0.0,   0.0,   1.0,   1.0,
HIT_______ MESH______ ground_hit2		33050.0,    0.0,    0.0,   0.0,   0.0,   0.0,   1.0,   1.0,
HIT_______ MESH______ ground_hit2		37950.0,    0.0,    0.0,   0.0,   0.0,   0.0,   1.0,   1.0,
HIT_______ MESH______ ground_hit1		40450.0, -500.0,    0.0,   0.0,   0.0,  90.0,   1.0,   1.0,
HIT_______ MESH______ ground_hit1		40900.0, -900.0,    0.0,   0.0,   0.0,   0.0,   1.0,   1.0,
HIT_______ MESH______ ground_hit1		41350.0, -500.0,    0.0,   0.0,   0.0, 270.0,   1.0,   1.0,
HIT_______ MESH______ ground_hit2		43850.0,    0.0,    0.0,   0.0,   0.0,   0.0,   1.0,   1.0,
HIT_______ MESH______ ground_hit2		48750.0,    0.0,    0.0,   0.0,   0.0,   0.0,   1.0,   1.0,

HIT_______ MESH______ ground_hit2		-2000.0, 3000.0,    0.0,   0.0,   0.0,   0.0,   1.0,   1.0,
HIT_______ MESH______ ground_hit2		-1000.0, 3000.0,    0.0,   0.0,   0.0,   0.0,   1.0,   1.0,
HIT_______ MESH______ ground_hit2		 2000.0, 2000.0,    0.0,   0.0,   0.0,   0.0,   1.0,   1.0,
HIT_______ MESH______ ground_hit2		 6000.0, 1000.0,    0.0,   0.0,   0.0,   0.0,   1.0,   1.0,
HIT_______ MESH______ ground_hit2		10000.0, 1000.0,    0.0,   0.0,   0.0,   0.0,   1.0,   1.0,
HIT_______ MESH______ ground_hit2		15000.0, 2000.0,    0.0,   0.0,   0.0,   0.0,   1.0,   1.0,
HIT_______ MESH______ ground_hit2		18000.0, 3000.0,    0.0,   0.0,   0.0,   0.0,   1.0,   1.0,
HIT_______ MESH______ ground_hit2		21000.0, 2000.0,    0.0,   0.0,   0.0,   0.0,   1.0,   1.0,
HIT_______ MESH______ ground_hit2		22000.0, 1000.0,    0.0,   0.0,   0.0,   0.0,   1.0,   1.0,
HIT_______ MESH______ ground_hit1		-4500.0,  500.0,    0.0,   0.0,   0.0,  90.0,   1.0,   1.0,
HIT_______ MESH______ ground_hit1		-4500.0, 1500.0,    0.0,   0.0,   0.0,  90.0,   1.0,   1.0,
HIT_______ MESH______ ground_hit1		-4500.0, 2500.0,    0.0,   0.0,   0.0,  90.0,   1.0,   1.0,
HIT_______ MESH______ ground_hit1		 1500.0,  500.0,    0.0,   0.0,   0.0,  90.0,   1.0,   1.0,
HIT_______ MESH______ ground_hit1		 1500.0, 1500.0,    0.0,   0.0,   0.0,  90.0,   1.0,   1.0,
HIT_______ MESH______ ground_hit1		 1500.0, 2500.0,    0.0,   0.0,   0.0,  90.0,   1.0,   1.0,
HIT_______ MESH______ ground_hit1		 4500.0, 1500.0,    0.0,   0.0,   0.0,  90.0,   1.0,   1.0,
HIT_______ MESH______ ground_hit1		12500.0, 1500.0,    0.0,   0.0,   0.0,  90.0,   1.0,   1.0,
HIT_______ MESH______ ground_hit1		15500.0, 2500.0,    0.0,   0.0,   0.0,  90.0,   1.0,   1.0,
HIT_______ MESH______ ground_hit1		20500.0, 2500.0,    0.0,   0.0,   0.0,  90.0,   1.0,   1.0,
HIT_______ MESH______ ground_hit1		23500.0, 1500.0,    0.0,   0.0,   0.0,  90.0,   1.0,   1.0,
HIT_______ MESH______ ground_hit1		24500.0,  500.0,    0.0,   0.0,   0.0,  90.0,   1.0,   1.0,

BACK_VIEW_ MESH______ stage1_base		-4000.0, 3000.0,    0.0,   0.0,   0.0,   0.0,   1.0,   1.0,
BACK_VIEW_ MESH______ stage1_back		-4000.0, 3750.0, 1000.0,   0.0,   0.0,   0.0,   1.0,   1.0,
BACK_VIEW_ MESH______ stage1_base		-3000.0, 3000.0,    0.0,   0.0,   0.0,   0.0,   1.0,   1.0,
BACK_VIEW_ MESH______ new_s1_back7		-3000.0, 3450.0, 1000.0,   0.0,   0.0,   0.0,   1.0,   1.0,
BACK_VIEW_ MESH______ stage1_base		-2000.0, 3000.0,    0.0,   0.0,   0.0,   0.0,   1.0,   1.0,
BACK_VIEW_ MESH______ new_s1_back7		-2000.0, 3350.0, 1000.0,   0.0,   0.0,   0.0,   1.0,   1.0,
BACK_VIEW_ MESH______ stage1_base		-1000.0, 3000.0,    0.0,   0.0,   0.0,   0.0,   1.0,   1.0,
BACK_VIEW_ MESH______ new_s1_back8		-1000.0, 3550.0, 1000.0,   0.0,   0.0,   0.0,   1.0,   1.0,
BACK_VIEW_ MESH______ stage1_base		    0.0, 2000.0,    0.0,   0.0,   0.0,   0.0,   1.0,   1.0,
BACK_VIEW_ MESH______ stage1_back		    0.0, 2650.0, 1000.0,   0.0,   0.0,   0.0,   1.0,   1.0,
BACK_VIEW_ MESH______ stage1_base		    0.0, 3000.0,    0.0,   0.0,   0.0,   0.0,   1.0,   1.0,
BACK_VIEW_ MESH______ stage1_back		    0.0, 3650.0, 1000.0,   0.0,   0.0,   0.0,   1.0,   1.0,
BACK_VIEW_ MESH______ stage1_base		 1000.0, 2000.0,    0.0,   0.0,   0.0,   0.0,   1.0,   1.0,
BACK_VIEW_ MESH______ stage1_back		 1000.0, 2350.0, 1000.0,   0.0,   0.0,   0.0,   1.0,   1.0,
BACK_VIEW_ MESH______ stage1_base		 1000.0, 3000.0,    0.0,   0.0,   0.0,   0.0,   1.0,   1.0,
BACK_VIEW_ MESH______ new_s1_back10		 1000.0, 3350.0, 1000.0,   0.0,   0.0,   0.0,   1.0,   1.0,
BACK_VIEW_ MESH______ stage1_base		 2000.0, 2000.0,    0.0,   0.0,   0.0,   0.0,   1.0,   1.0,
BACK_VIEW_ MESH______ new_s1_back7		 2000.0, 2750.0, 1000.0,   0.0,   0.0,   0.0,   1.0,   1.0,
BACK_VIEW_ MESH______ stage1_base		 3000.0, 1000.0,    0.0,   0.0,   0.0,   0.0,   1.0,   1.0,
BACK_VIEW_ MESH______ stage1_back		 3000.0, 1650.0, 1000.0,   0.0,   0.0,   0.0,   1.0,   1.0,
BACK_VIEW_ MESH______ stage1_base		 3000.0, 2000.0,    0.0,   0.0,   0.0,   0.0,   1.0,   1.0,
BACK_VIEW_ MESH______ new_s1_back8		 3000.0, 2650.0, 1000.0,   0.0,   0.0,   0.0,   1.0,   1.0,
BACK_VIEW_ MESH______ stage1_base		 4000.0, 1000.0,    0.0,   0.0,   0.0,   0.0,   1.0,   1.0,
BACK_VIEW_ MESH______ stage1_back		 4000.0, 1750.0, 1000.0,   0.0,   0.0,   0.0,   1.0,   1.0,
BACK_VIEW_ MESH______ stage1_base		 4000.0, 2000.0,    0.0,   0.0,   0.0,   0.0,   1.0,   1.0,
BACK_VIEW_ MESH______ new_s1_back9		 4000.0, 2750.0, 1000.0,   0.0,   0.0,   0.0,   1.0,   1.0,
BACK_VIEW_ MESH______ stage1_base		 5000.0, 1000.0,    0.0,   0.0,   0.0,   0.0,   1.0,   1.0,
BACK_VIEW_ MESH______ new_s1_back9		 5000.0, 1650.0, 1000.0,   0.0,   0.0,   0.0,   1.0,   1.0,
BACK_VIEW_ MESH______ new_s1_back7		 5500.0, 1850.0, 2000.0,   0.0,   0.0,   0.0,   1.0,   1.0,
BACK_VIEW_ MESH______ stage1_base		 6000.0, 1000.0,    0.0,   0.0,   0.0,   0.0,   1.0,   1.0,
BACK_VIEW_ MESH______ stage1_back		 6000.0, 1000.0, 1000.0,   0.0,   0.0,   0.0,   1.0,   1.0,
BACK_VIEW_ MESH______ new_s1_back9		 6500.0, 1650.0, 2000.0,   0.0,   0.0,   0.0,   1.0,   1.0,
BACK_VIEW_ MESH______ stage1_base		 7000.0, 1000.0,    0.0,   0.0,   0.0,   0.0,   1.0,   1.0,
BACK_VIEW_ MESH______ stage1_back		 7000.0, 1000.0, 1000.0,   0.0,   0.0,   0.0,   1.0,   1.0,
BACK_VIEW_ MESH______ new_s1_back8		 7500.0, 1750.0, 2000.0,   0.0,   0.0,   0.0,   1.0,   1.0,
BACK_VIEW_ MESH______ stage1_base		 8000.0, 1000.0,    0.0,   0.0,   0.0,   0.0,   1.0,   1.0,
BACK_VIEW_ MESH______ new_s1_back9		 8000.0, 1350.0, 1000.0,   0.0,   0.0,   0.0,   1.0,   1.0,
BACK_VIEW_ MESH______ stage1_base		 9000.0, 1000.0,    0.0,   0.0,   0.0,   0.0,   1.0,   1.0,
BACK_VIEW_ MESH______ new_s1_back8		 9000.0, 1550.0, 1000.0,   0.0,   0.0,   0.0,   1.0,   1.0,
BACK_VIEW_ MESH______ stage1_base		10000.0, 1000.0,    0.0,   0.0,   0.0,   0.0,   1.0,   1.0,
BACK_VIEW_ MESH______ new_s1_back8		10000.0, 1850.0, 1000.0,   0.0,   0.0,   0.0,   1.0,   1.0,
BACK_VIEW_ MESH______ new_s1_back9		10500.0, 1600.0, 2000.0,   0.0,   0.0,   0.0,   1.0,   1.0,
BACK_VIEW_ MESH______ stage1_base		11000.0, 1000.0,    0.0,   0.0,   0.0,   0.0,   1.0,   1.0,
BACK_VIEW_ MESH______ stage1_back		11000.0, 1000.0, 1000.0,   0.0,   0.0,   0.0,   1.0,   1.0,
BACK_VIEW_ MESH______ new_s1_back9		11500.0, 1450.0, 2000.0,   0.0,   0.0,   0.0,   1.0,   1.0,
BACK_VIEW_ MESH______ stage1_base		12000.0, 1000.0,    0.0,   0.0,   0.0,   0.0,   1.0,   1.0,
BACK_VIEW_ MESH______ stage1_back		12000.0, 1000.0, 1000.0,   0.0,   0.0,   0.0,   1.0,   1.0,
BACK_VIEW_ MESH______ new_s1_back9		12500.0, 1850.0, 2000.0,   0.0,   0.0,   0.0,   1.0,   1.0,
BACK_VIEW_ MESH______ stage1_base		13000.0, 1000.0,    0.0,   0.0,   0.0,   0.0,   1.0,   1.0,
BACK_VIEW_ MESH______ stage1_back		13000.0, 1550.0, 1000.0,   0.0,   0.0,   0.0,   1.0,   1.0,
BACK_VIEW_ MESH______ stage1_base		13000.0, 2000.0,    0.0,   0.0,   0.0,   0.0,   1.0,   1.0,
BACK_VIEW_ MESH______ new_s1_back9		13000.0, 2550.0, 1000.0,   0.0,   0.0,   0.0,   1.0,   1.0,
BACK_VIEW_ MESH______ stage1_base		14000.0, 1000.0,    0.0,   0.0,   0.0,   0.0,   1.0,   1.0,
BACK_VIEW_ MESH______ stage1_back		14000.0, 1450.0, 1000.0,   0.0,   0.0,   0.0,   1.0,   1.0,
BACK_VIEW_ MESH______ stage1_base		14000.0, 2000.0,    0.0,   0.0,   0.0,   0.0,   1.0,   1.0,
BACK_VIEW_ MESH______ new_s1_back10		14000.0, 2450.0, 1000.0,   0.0,   0.0,   0.0,   1.0,   1.0,
BACK_VIEW_ MESH______ stage1_base		15000.0, 2000.0,    0.0,   0.0,   0.0,   0.0,   1.0,   1.0,
BACK_VIEW_ MESH______ stage1_back		15000.0, 2750.0, 1000.0,   0.0,   0.0,   0.0,   1.0,   1.0,
BACK_VIEW_ MESH______ stage1_base		16000.0, 2000.0,    0.0,   0.0,   0.0,   0.0,   1.0,   1.0,
BACK_VIEW_ MESH______ stage1_back		16000.0, 2650.0, 1000.0,   0.0,   0.0,   0.0,   1.0,   1.0,
BACK_VIEW_ MESH______ stage1_base		16000.0, 3000.0,    0.0,   0.0,   0.0,   0.0,   1.0,   1.0,
BACK_VIEW_ MESH______ new_s1_back8		16000.0, 3650.0, 1000.0,   0.0,   0.0,   0.0,   1.0,   1.0,
BACK_VIEW_ MESH______ stage1_base		17000.0, 2000.0,    0.0,   0.0,   0.0,   0.0,   1.0,   1.0,
BACK_VIEW_ MESH______ stage1_back		17000.0, 2750.0, 1000.0,   0.0,   0.0,   0.0,   1.0,   1.0,
BACK_VIEW_ MESH______ stage1_base		17000.0, 3000.0,    0.0,   0.0,   0.0,   0.0,   1.0,   1.0,
BACK_VIEW_ MESH______ new_s1_back9		17000.0, 3750.0, 1000.0,   0.0,   0.0,   0.0,   1.0,   1.0,
BACK_VIEW_ MESH______ stage1_base		18000.0, 3000.0,    0.0,   0.0,   0.0,   0.0,   1.0,   1.0,
BACK_VIEW_ MESH______ new_s1_back10		18000.0, 3450.0, 1000.0,   0.0,   0.0,   0.0,   1.0,   1.0,
BACK_VIEW_ MESH______ stage1_base		19000.0, 2000.0,    0.0,   0.0,   0.0,   0.0,   1.0,   1.0,
BACK_VIEW_ MESH______ stage1_back		19000.0, 2750.0, 1000.0,   0.0,   0.0,   0.0,   1.0,   1.0,
BACK_VIEW_ MESH______ stage1_base		19000.0, 3000.0,    0.0,   0.0,   0.0,   0.0,   1.0,   1.0,
BACK_VIEW_ MESH______ new_s1_back8		19000.0, 3750.0, 1000.0,   0.0,   0.0,   0.0,   1.0,   1.0,
BACK_VIEW_ MESH______ stage1_base		20000.0, 2000.0,    0.0,   0.0,   0.0,   0.0,   1.0,   1.0,
BACK_VIEW_ MESH______ stage1_back		20000.0, 2850.0, 1000.0,   0.0,   0.0,   0.0,   1.0,   1.0,
BACK_VIEW_ MESH______ stage1_base		20000.0, 3000.0,    0.0,   0.0,   0.0,   0.0,   1.0,   1.0,
BACK_VIEW_ MESH______ new_s1_back10		20000.0, 3850.0, 1000.0,   0.0,   0.0,   0.0,   1.0,   1.0,
BACK_VIEW_ MESH______ stage1_base		21000.0, 2000.0,    0.0,   0.0,   0.0,   0.0,   1.0,   1.0,
BACK_VIEW_ MESH______ new_s1_back10		21000.0, 2650.0, 1000.0,   0.0,   0.0,   0.0,   1.0,   1.0,
BACK_VIEW_ MESH______ stage1_base		22000.0, 1000.0,    0.0,   0.0,   0.0,   0.0,   1.0,   1.0,
BACK_VIEW_ MESH______ stage1_back		22000.0, 1750.0, 1000.0,   0.0,   0.0,   0.0,   1.0,   1.0,
BACK_VIEW_ MESH______ stage1_base		22000.0, 2000.0,    0.0,   0.0,   0.0,   0.0,   1.0,   1.0,
BACK_VIEW_ MESH______ new_s1_back9		22000.0, 2750.0, 1000.0,   0.0,   0.0,   0.0,   1.0,   1.0,
BACK_VIEW_ MESH______ stage1_base		23000.0, 1000.0,    0.0,   0.0,   0.0,   0.0,   1.0,   1.0,
BACK_VIEW_ MESH______ stage1_back		23000.0, 1650.0, 1000.0,   0.0,   0.0,   0.0,   1.0,   1.0,
BACK_VIEW_ MESH______ stage1_base		23000.0,    0.0,    0.0,   0.0,   0.0,   0.0,   1.0,   1.0,
BACK_VIEW_ MESH______ stage1_back		23000.0,  450.0, 1000.0,   0.0,   0.0,   0.0,   1.0,   1.0,
BACK_VIEW_ MESH______ stage1_base		23000.0, 2000.0,    0.0,   0.0,   0.0,   0.0,   1.0,   1.0,
BACK_VIEW_ MESH______ new_s1_back7		23000.0, 2650.0, 1000.0,   0.0,   0.0,   0.0,   1.0,   1.0,
BACK_VIEW_ MESH______ stage1_base		24000.0,    0.0,    0.0,   0.0,   0.0,   0.0,   1.0,   1.0,
BACK_VIEW_ MESH______ stage1_back		24000.0,  500.0, 1000.0,   0.0,   0.0,   0.0,   1.0,   1.0,
BACK_VIEW_ MESH______ stage1_base		24000.0, 1000.0,    0.0,   0.0,   0.0,   0.0,   1.0,   1.0,
BACK_VIEW_ MESH______ stage1_back		24000.0, 1500.0, 1000.0,   0.0,   0.0,   0.0,   1.0,   1.0,
BACK_VIEW_ MESH______ stage1_base		25000.0,    0.0,    0.0,   0.0,   0.0,   0.0,   1.0,   1.0,
BACK_VIEW_ MESH______ new_s1_back7		25000.0,  300.0, 1000.0,   0.0,   0.0,   0.0,   1.0,   1.0,
BACK_VIEW_ MESH______ stage1_base		26000.0,    0.0,    0.0,   0.0,   0.0,   0.0,   1.0,   1.0,
BACK_VIEW_ MESH______ new_s1_back10		26000.0,  200.0, 1000.0,   0.0,   0.0,   0.0,   1.0,   1.0,
BACK_VIEW_ MESH______ stage1_base		27000.0,    0.0,    0.0,   0.0,   0.0,   0.0,   1.0,   1.0,
BACK_VIEW_ MESH______ new_s1_back7		27000.0,  450.0, 1000.0,   0.0,   0.0,   0.0,   1.0,   1.0,
BACK_VIEW_ MESH______ stage1_base		28000.0,    0.0,    0.0,   0.0,   0.0,   0.0,   1.0,   1.0,
BACK_VIEW_ MESH______ new_s1_back8		28000.0,  350.0, 1000.0,   0.0,   0.0,   0.0,   1.0,   1.0,
BACK_VIEW_ MESH______ stage1_base		29000.0,    0.0,    0.0,   0.0,   0.0,   0.0,   1.0,   1.0,
BACK_VIEW_ MESH______ new_s1_back9		29000.0,  200.0, 1000.0,   0.0,   0.0,   0.0,   1.0,   1.0,
BACK_VIEW_ MESH______ stage1_base		30000.0,    0.0,    0.0,   0.0,   0.0,   0.0,   1.0,   1.0,
BACK_VIEW_ MESH______ new_s1_back10		30000.0,  500.0, 1000.0,   0.0,   0.0,   0.0,   1.0,   1.0,
BACK_VIEW_ MESH______ stage1_base		31000.0,    0.0,    0.0,   0.0,   0.0,   0.0,   1.0,   1.0,
BACK_VIEW_ MESH______ new_s1_back7		31000.0,  350.0, 1000.0,   0.0,   0.0,   0.0,   1.0,   1.0,
BACK_VIEW_ MESH______ stage1_base		32000.0,    0.0,    0.0,   0.0,   0.0,   0.0,   1.0,   1.0,
BACK_VIEW_ MESH______ new_s1_back7		32000.0,  300.0, 1000.0,   0.0,   0.0,   0.0,   1.0,   1.0,
BACK_VIEW_ MESH______ stage1_base		33000.0,    0.0,    0.0,   0.0,   0.0,   0.0,   1.0,   1.0,
BACK_VIEW_ MESH______ new_s1_back9		33000.0,  400.0, 1000.0,   0.0,   0.0,   0.0,   1.0,   1.0,
BACK_VIEW_ MESH______ stage1_base		34000.0,    0.0,    0.0,   0.0,   0.0,   0.0,   1.0,   1.0,
BACK_VIEW_ MESH______ new_s1_back10		34000.0,  200.0, 1000.0,   0.0,   0.0,   0.0,   1.0,   1.0,
BACK_VIEW_ MESH______ stage1_base		35000.0,    0.0,    0.0,   0.0,   0.0,   0.0,   1.0,   1.0,
BACK_VIEW_ MESH______ new_s1_back8		35000.0,  450.0, 1000.0,   0.0,   0.0,   0.0,   1.0,   1.0,

BACK_VIEW_ MESH______ kage_movie_tree	 6750.0, 1000.0, 1000.0,   0.0,   0.0,   0.0,   1.0,   1.0,

BACK_VIEW_ MESH______ s_1_branko		-1000.0, 3000.0,  200.0,   0.0,   0.0,   0.0,   1.0,   1.0,
VIEW_HIT__ SO_HALFREA tetu2				 6000.0,  100.0,  600.0,   0.0,  90.0,   0.0,   1.0,   1.0, 
VIEW_HIT__ SO_HALFREA tetu2				 6500.0,  400.0,  500.0,   0.0,  90.0,   0.0,   1.0,   1.0, 
VIEW_HIT__ SO_HALFREA tetu2				 7000.0,  700.0,  700.0,   0.0,  90.0,   0.0,   1.0,   1.0, 
VIEW_HIT__ SO_HALFREA tetu2				 7500.0, 1000.0,  600.0,   0.0,  90.0,   0.0,   1.0,   1.0, 
BACK_VIEWH SO_COMP___ dodai				 8500.0,  990.0,    0.0,   0.0,   0.0,   0.0,   1.0,   1.0,
VIEW_HIT__ SO_HALFREA tetu2				11100.0,  700.0,  500.0,   0.0,  90.0,   0.0,   1.0,   1.0,
VIEW_HIT__ SO_HALFREA tetu2				11600.0,  400.0,  600.0,   0.0,  90.0,   0.0,   1.0,   1.0,
VIEW_HIT__ SO_HALFREA tetu2				12100.0,  100.0,  500.0,   0.0,  90.0,   0.0,   1.0,   1.0,

VIEW_HIT__ SO_HALFREA kaidan			 1900.0, 2000.0,    0.0,   0.0,   0.0,   0.0,   1.0,   1.0, 
VIEW_HIT__ SO_HALFREA kaidan			 4900.0, 1000.0,    0.0,   0.0,   0.0,   0.0,   1.0,   1.0, 
VIEW_HIT__ SO_HALFREA kaidan			15100.0, 2000.0,    0.0,   0.0, 180.0,   0.0,   1.0,   1.0, 
VIEW_HIT__ SO_HALFREA kaidan			20900.0, 2000.0,    0.0,   0.0,   0.0,   0.0,   1.0,   1.0,
VIEW_HIT__ SO_HALFREA kaidan			23900.0, 1000.0,    0.0,   0.0,   0.0,   0.0,   1.0,   1.0,
VIEW_HIT__ SO_HALFREA kaidan			24900.0,    0.0,    0.0,   0.0,   0.0,   0.0,   1.0,   1.0,

VIEW_HIT__ SO_COMP___ park1			    27500.0,    0.0,    0.0,   0.0,   0.0,   0.0,   1.0,   1.0, 
VIEW_HIT__ SO_COMP___ park2			    28600.0,    0.0,    0.0,   0.0,   0.0,   0.0,   1.0,   1.0, 
VIEW_HIT__ SO_COMP___ park2			    29400.0,    0.0,    0.0,   0.0,   0.0,   0.0,   1.0,   1.0, 
VIEW_HIT__ SO_COMP___ park1			    30500.0,    0.0,    0.0,   0.0, 180.0,   0.0,   1.0,   1.0, 

VIEW_HIT__ SO_INCOMP_ wood			     4000.0, 1850.0,    0.0,   0.0,   0.0,   0.0,   1.0,   1.0, 
VIEW_HIT__ SO_INCOMP_ wood				26000.0,  -50.0,    0.0,   0.0,   0.0,   0.0,   1.0,   1.0,

VIEW_HIT__ SO_HALFSHA pink				14250.0, 2000.0,    0.0,   0.0,   0.0,   0.0,   1.0,   1.0,
VIEW_HIT__ SO_HALFSHA pink				14250.0, 2500.0,    0.0,   0.0,   0.0,   0.0,   1.0,   1.0,
VIEW_HIT__ SO_HALFSHA pink				14750.0, 2000.0,    0.0,   0.0,   0.0,   0.0,   1.0,   1.0,
VIEW_HIT__ SO_HALFSHA pink				14750.0, 2500.0,    0.0,   0.0,   0.0,   0.0,   1.0,   1.0,
VIEW_HIT__ SO_HALFSHA pink				15250.0, 2000.0,    0.0,   0.0,   0.0,   0.0,   1.0,   1.0,
VIEW_HIT__ SO_HALFSHA pink				15250.0, 2500.0,    0.0,   0.0,   0.0,   0.0,   1.0,   1.0,

VIEW_HIT__ SO_INCOMP_ tetu				16800.0, 3000.0,    0.0,   0.0,   0.0,   0.0,   1.0,   1.0,
BACK_VIEW_ SO_COMP___ tetu				17500.0, 2800.0,  200.0,   0.0,   0.0,   0.0,   1.0,   1.0,
VIEW_HIT__ SO_INCOMP_ tetu2				18800.0, 3000.0,    0.0,   0.0,   0.0,   0.0,   1.0,   1.0,
BACK_VIEW_ SO_COMP___ tetu2				19500.0, 2800.0,  200.0,   0.0,   0.0,   0.0,   1.0,   1.0,

END_______