HIT_______ MESH______ ground_hit002		-6150.0,    0.0,    0.0,   0.0,   0.0,   0.0,   1.0,   1.0,
HIT_______ MESH______ ground_hit002		-1250.0,    0.0,    0.0,   0.0,   0.0,   0.0,   1.0,   1.0,
HIT_______ MESH______ ground_hit002		 3650.0,    0.0,    0.0,   0.0,   0.0,   0.0,   1.0,   1.0,
HIT_______ MESH______ ground_hit002		 8550.0,    0.0,    0.0,   0.0,   0.0,   0.0,   1.0,   1.0,
HIT_______ MESH______ ground_hit002		13450.0,    0.0,    0.0,   0.0,   0.0,   0.0,   1.0,   1.0,
HIT_______ MESH______ ground_hit002		18350.0,    0.0,    0.0,   0.0,   0.0,   0.0,   1.0,   1.0,
HIT_______ MESH______ ground_hit002		23250.0,    0.0,    0.0,   0.0,   0.0,   0.0,   1.0,   1.0,
HIT_______ MESH______ ground_hit002		28150.0,    0.0,    0.0,   0.0,   0.0,   0.0,   1.0,   1.0,
HIT_______ MESH______ ground_hit002		33050.0,    0.0,    0.0,   0.0,   0.0,   0.0,   1.0,   1.0,
HIT_______ MESH______ ground_hit002		37950.0,    0.0,    0.0,   0.0,   0.0,   0.0,   1.0,   1.0,
HIT_______ MESH______ ground_hit001		40450.0, -500.0,    0.0,   0.0,   0.0,  90.0,   1.0,   1.0,
HIT_______ MESH______ ground_hit001		40900.0, -900.0,    0.0,   0.0,   0.0,   0.0,   1.0,   1.0,
HIT_______ MESH______ ground_hit001		41350.0, -500.0,    0.0,   0.0,   0.0, 270.0,   1.0,   1.0,
HIT_______ MESH______ ground_hit002		43850.0,    0.0,    0.0,   0.0,   0.0,   0.0,   1.0,   1.0,
HIT_______ MESH______ ground_hit002		48750.0,    0.0,    0.0,   0.0,   0.0,   0.0,   1.0,   1.0,

HIT_______ MESH______ ground_hit002		-2000.0,    3000.0,    0.0,   0.0,   0.0,   0.0,   1.0,   1.0,
HIT_______ MESH______ ground_hit002		-1000.0,    3000.0,    0.0,   0.0,   0.0,   0.0,   1.0,   1.0,
HIT_______ MESH______ ground_hit002		2000.0,    2000.0,    0.0,   0.0,   0.0,   0.0,   1.0,   1.0,
HIT_______ MESH______ ground_hit002		6000.0,    1000.0,    0.0,   0.0,   0.0,   0.0,   1.0,   1.0,
HIT_______ MESH______ ground_hit002		10000.0,    1000.0,    0.0,   0.0,   0.0,   0.0,   1.0,   1.0,
HIT_______ MESH______ ground_hit002		15000.0,    2000.0,    0.0,   0.0,   0.0,   0.0,   1.0,   1.0,
HIT_______ MESH______ ground_hit002		18000.0,    3000.0,    0.0,   0.0,   0.0,   0.0,   1.0,   1.0,
HIT_______ MESH______ ground_hit002		21000.0,    2000.0,    0.0,   0.0,   0.0,   0.0,   1.0,   1.0,
HIT_______ MESH______ ground_hit002		22000.0,    1000.0,    0.0,   0.0,   0.0,   0.0,   1.0,   1.0,
HIT_______ MESH______ ground_hit001		-4500.0,500.0,    0.0,   0.0,   0.0,  90.0,   1.0,   1.0,
HIT_______ MESH______ ground_hit001		-4500.0,1500.0,    0.0,   0.0,   0.0,  90.0,   1.0,   1.0,
HIT_______ MESH______ ground_hit001		-4500.0,2500.0,    0.0,   0.0,   0.0,  90.0,   1.0,   1.0,
HIT_______ MESH______ ground_hit001		1500.0,500.0,    0.0,   0.0,   0.0,  90.0,   1.0,   1.0,
HIT_______ MESH______ ground_hit001		1500.0,1500.0,    0.0,   0.0,   0.0,  90.0,   1.0,   1.0,
HIT_______ MESH______ ground_hit001		1500.0,2500.0,    0.0,   0.0,   0.0,  90.0,   1.0,   1.0,
HIT_______ MESH______ ground_hit001		4500.0,1500.0,    0.0,   0.0,   0.0,  90.0,   1.0,   1.0,
HIT_______ MESH______ ground_hit001		12500.0,1500.0,    0.0,   0.0,   0.0,  90.0,   1.0,   1.0,
HIT_______ MESH______ ground_hit001		15500.0,2500.0,    0.0,   0.0,   0.0,  90.0,   1.0,   1.0,
HIT_______ MESH______ ground_hit001		20500.0,2500.0,    0.0,   0.0,   0.0,  90.0,   1.0,   1.0,
HIT_______ MESH______ ground_hit001		23500.0,1500.0,    0.0,   0.0,   0.0,  90.0,   1.0,   1.0,
HIT_______ MESH______ ground_hit001		24500.0,500.0,    0.0,   0.0,   0.0,  90.0,   1.0,   1.0,



VIEW______ MESH______ stage1_base		-4000.0,    1000.0,    0.0,   0.0,   0.0,   0.0,   1.0,   1.0,
VIEW______ MESH______ stage1_back		-4000.0,  1450.0, 1000.0,   0.0,   0.0,   0.0,   1.0,   1.0,
VIEW______ MESH______ stage1_base		-4000.0,    2000.0,    0.0,   0.0,   0.0,   0.0,   1.0,   1.0,
VIEW______ MESH______ stage1_back		-4000.0,  2450.0, 1000.0,   0.0,   0.0,   0.0,   1.0,   1.0,
VIEW______ MESH______ stage1_base		-4000.0,    3000.0,    0.0,   0.0,   0.0,   0.0,   1.0,   1.0,
VIEW______ MESH______ stage1_back		-4000.0,  3450.0, 1000.0,   0.0,   0.0,   0.0,   1.0,   1.0,
VIEW______ MESH______ stage1_base		-3000.0,    1000.0,    0.0,   0.0,   0.0,   0.0,   1.0,   1.0,
VIEW______ MESH______ stage1_back		-3000.0,  1450.0, 1000.0,   0.0,   0.0,   0.0,   1.0,   1.0,
VIEW______ MESH______ stage1_base		-3000.0,    2000.0,    0.0,   0.0,   0.0,   0.0,   1.0,   1.0,
VIEW______ MESH______ stage1_back		-3000.0,  2450.0, 1000.0,   0.0,   0.0,   0.0,   1.0,   1.0,
VIEW______ MESH______ stage1_base		-3000.0,    3000.0,    0.0,   0.0,   0.0,   0.0,   1.0,   1.0,
VIEW______ MESH______ stage1_back		-3000.0,  3450.0, 1000.0,   0.0,   0.0,   0.0,   1.0,   1.0,
VIEW______ MESH______ stage1_base		-2000.0,    1000.0,    0.0,   0.0,   0.0,   0.0,   1.0,   1.0,
VIEW______ MESH______ stage1_back		-2000.0,  1450.0, 1000.0,   0.0,   0.0,   0.0,   1.0,   1.0,
VIEW______ MESH______ stage1_base		-2000.0,    2000.0,    0.0,   0.0,   0.0,   0.0,   1.0,   1.0,
VIEW______ MESH______ stage1_back		-2000.0,  2450.0, 1000.0,   0.0,   0.0,   0.0,   1.0,   1.0,
VIEW______ MESH______ stage1_base		-2000.0,    3000.0,    0.0,   0.0,   0.0,   0.0,   1.0,   1.0,
VIEW______ MESH______ stage1_back		-2000.0,  3450.0, 1000.0,   0.0,   0.0,   0.0,   1.0,   1.0,
VIEW______ MESH______ stage1_base		-1000.0,    1000.0,    0.0,   0.0,   0.0,   0.0,   1.0,   1.0,
VIEW______ MESH______ stage1_back		-1000.0,  1450.0, 1000.0,   0.0,   0.0,   0.0,   1.0,   1.0,
VIEW______ MESH______ stage1_base		-1000.0,    2000.0,    0.0,   0.0,   0.0,   0.0,   1.0,   1.0,
VIEW______ MESH______ stage1_back		-1000.0,  2450.0, 1000.0,   0.0,   0.0,   0.0,   1.0,   1.0,
VIEW______ MESH______ stage1_base		-1000.0,    3000.0,    0.0,   0.0,   0.0,   0.0,   1.0,   1.0,
VIEW______ MESH______ stage1_back		-1000.0,  3450.0, 1000.0,   0.0,   0.0,   0.0,   1.0,   1.0,
VIEW______ MESH______ stage1_base		0.0,    1000.0,    0.0,   0.0,   0.0,   0.0,   1.0,   1.0,
VIEW______ MESH______ stage1_back		0.0,  1450.0, 1000.0,   0.0,   0.0,   0.0,   1.0,   1.0,
VIEW______ MESH______ stage1_base		0.0,    2000.0,    0.0,   0.0,   0.0,   0.0,   1.0,   1.0,
VIEW______ MESH______ stage1_back		0.0,  2450.0, 1000.0,   0.0,   0.0,   0.0,   1.0,   1.0,
VIEW______ MESH______ stage1_base		0.0,    3000.0,    0.0,   0.0,   0.0,   0.0,   1.0,   1.0,
VIEW______ MESH______ stage1_back		0.0,  3450.0, 1000.0,   0.0,   0.0,   0.0,   1.0,   1.0,
VIEW______ MESH______ stage1_base		1000.0,    1000.0,    0.0,   0.0,   0.0,   0.0,   1.0,   1.0,
VIEW______ MESH______ stage1_back		1000.0,  1450.0, 1000.0,   0.0,   0.0,   0.0,   1.0,   1.0,
VIEW______ MESH______ stage1_base		1000.0,    2000.0,    0.0,   0.0,   0.0,   0.0,   1.0,   1.0,
VIEW______ MESH______ stage1_back		1000.0,  2450.0, 1000.0,   0.0,   0.0,   0.0,   1.0,   1.0,
VIEW______ MESH______ stage1_base		1000.0,    3000.0,    0.0,   0.0,   0.0,   0.0,   1.0,   1.0,
VIEW______ MESH______ stage1_back		1000.0,  3450.0, 1000.0,   0.0,   0.0,   0.0,   1.0,   1.0,
VIEW______ MESH______ stage1_base		2000.0,    1000.0,    0.0,   0.0,   0.0,   0.0,   1.0,   1.0,
VIEW______ MESH______ stage1_back		2000.0,  1450.0, 1000.0,   0.0,   0.0,   0.0,   1.0,   1.0,
VIEW______ MESH______ stage1_base		2000.0,    2000.0,    0.0,   0.0,   0.0,   0.0,   1.0,   1.0,
VIEW______ MESH______ stage1_back		2000.0,  2450.0, 1000.0,   0.0,   0.0,   0.0,   1.0,   1.0,
VIEW______ MESH______ stage1_base		3000.0,    1000.0,    0.0,   0.0,   0.0,   0.0,   1.0,   1.0,
VIEW______ MESH______ stage1_back		3000.0,  1450.0, 1000.0,   0.0,   0.0,   0.0,   1.0,   1.0,
VIEW______ MESH______ stage1_base		3000.0,    2000.0,    0.0,   0.0,   0.0,   0.0,   1.0,   1.0,
VIEW______ MESH______ stage1_back		3000.0,  2450.0, 1000.0,   0.0,   0.0,   0.0,   1.0,   1.0,
VIEW______ MESH______ stage1_base		4000.0,    1000.0,    0.0,   0.0,   0.0,   0.0,   1.0,   1.0,
VIEW______ MESH______ stage1_back		4000.0,  1450.0, 1000.0,   0.0,   0.0,   0.0,   1.0,   1.0,
VIEW______ MESH______ stage1_base		4000.0,    2000.0,    0.0,   0.0,   0.0,   0.0,   1.0,   1.0,
VIEW______ MESH______ stage1_back		4000.0,  2450.0, 1000.0,   0.0,   0.0,   0.0,   1.0,   1.0,
VIEW______ MESH______ stage1_base		5000.0,    1000.0,    0.0,   0.0,   0.0,   0.0,   1.0,   1.0,
VIEW______ MESH______ stage1_back		5000.0,  1450.0, 1000.0,   0.0,   0.0,   0.0,   1.0,   1.0,
VIEW______ MESH______ stage1_base		6000.0,    1000.0,    0.0,   0.0,   0.0,   0.0,   1.0,   1.0,
VIEW______ MESH______ stage1_back		6000.0,  1450.0, 1000.0,   0.0,   0.0,   0.0,   1.0,   1.0,
VIEW______ MESH______ stage1_base		7000.0,    1000.0,    0.0,   0.0,   0.0,   0.0,   1.0,   1.0,
VIEW______ MESH______ stage1_back		7000.0,  1450.0, 1000.0,   0.0,   0.0,   0.0,   1.0,   1.0,
VIEW______ MESH______ stage1_base		8000.0,    1000.0,    0.0,   0.0,   0.0,   0.0,   1.0,   1.0,
VIEW______ MESH______ stage1_back		8000.0,  1450.0, 1000.0,   0.0,   0.0,   0.0,   1.0,   1.0,
VIEW______ MESH______ stage1_base		9000.0,    1000.0,    0.0,   0.0,   0.0,   0.0,   1.0,   1.0,
VIEW______ MESH______ stage1_back		9000.0,  1450.0, 1000.0,   0.0,   0.0,   0.0,   1.0,   1.0,
VIEW______ MESH______ stage1_base		10000.0,    1000.0,    0.0,   0.0,   0.0,   0.0,   1.0,   1.0,
VIEW______ MESH______ stage1_back		10000.0,  1450.0, 1000.0,   0.0,   0.0,   0.0,   1.0,   1.0,
VIEW______ MESH______ stage1_base		11000.0,    1000.0,    0.0,   0.0,   0.0,   0.0,   1.0,   1.0,
VIEW______ MESH______ stage1_back		11000.0,  1450.0, 1000.0,   0.0,   0.0,   0.0,   1.0,   1.0,
VIEW______ MESH______ stage1_base		12000.0,    1000.0,    0.0,   0.0,   0.0,   0.0,   1.0,   1.0,
VIEW______ MESH______ stage1_back		12000.0,  1450.0, 1000.0,   0.0,   0.0,   0.0,   1.0,   1.0,
VIEW______ MESH______ stage1_base		13000.0,    1000.0,    0.0,   0.0,   0.0,   0.0,   1.0,   1.0,
VIEW______ MESH______ stage1_back		13000.0,  1450.0, 1000.0,   0.0,   0.0,   0.0,   1.0,   1.0,
VIEW______ MESH______ stage1_base		13000.0,    2000.0,    0.0,   0.0,   0.0,   0.0,   1.0,   1.0,
VIEW______ MESH______ stage1_back		13000.0,  2450.0, 1000.0,   0.0,   0.0,   0.0,   1.0,   1.0,
VIEW______ MESH______ stage1_base		14000.0,    1000.0,    0.0,   0.0,   0.0,   0.0,   1.0,   1.0,
VIEW______ MESH______ stage1_back		14000.0,  1450.0, 1000.0,   0.0,   0.0,   0.0,   1.0,   1.0,
VIEW______ MESH______ stage1_base		14000.0,    2000.0,    0.0,   0.0,   0.0,   0.0,   1.0,   1.0,
VIEW______ MESH______ stage1_back		14000.0,  2450.0, 1000.0,   0.0,   0.0,   0.0,   1.0,   1.0,
VIEW______ MESH______ stage1_base		15000.0,    1000.0,    0.0,   0.0,   0.0,   0.0,   1.0,   1.0,
VIEW______ MESH______ stage1_back		15000.0,  1450.0, 1000.0,   0.0,   0.0,   0.0,   1.0,   1.0,
VIEW______ MESH______ stage1_base		15000.0,    2000.0,    0.0,   0.0,   0.0,   0.0,   1.0,   1.0,
VIEW______ MESH______ stage1_back		15000.0,  2450.0, 1000.0,   0.0,   0.0,   0.0,   1.0,   1.0,
VIEW______ MESH______ stage1_base		16000.0,    1000.0,    0.0,   0.0,   0.0,   0.0,   1.0,   1.0,
VIEW______ MESH______ stage1_back		16000.0,  1450.0, 1000.0,   0.0,   0.0,   0.0,   1.0,   1.0,
VIEW______ MESH______ stage1_base		16000.0,    2000.0,    0.0,   0.0,   0.0,   0.0,   1.0,   1.0,
VIEW______ MESH______ stage1_back		16000.0,  2450.0, 1000.0,   0.0,   0.0,   0.0,   1.0,   1.0,
VIEW______ MESH______ stage1_base		16000.0,    3000.0,    0.0,   0.0,   0.0,   0.0,   1.0,   1.0,
VIEW______ MESH______ stage1_back		16000.0,  3450.0, 1000.0,   0.0,   0.0,   0.0,   1.0,   1.0,
VIEW______ MESH______ stage1_base		17000.0,    1000.0,    0.0,   0.0,   0.0,   0.0,   1.0,   1.0,
VIEW______ MESH______ stage1_back		17000.0,  1450.0, 1000.0,   0.0,   0.0,   0.0,   1.0,   1.0,
VIEW______ MESH______ stage1_base		17000.0,    2000.0,    0.0,   0.0,   0.0,   0.0,   1.0,   1.0,
VIEW______ MESH______ stage1_back		17000.0,  2450.0, 1000.0,   0.0,   0.0,   0.0,   1.0,   1.0,
VIEW______ MESH______ stage1_base		17000.0,    3000.0,    0.0,   0.0,   0.0,   0.0,   1.0,   1.0,
VIEW______ MESH______ stage1_back		17000.0,  3450.0, 1000.0,   0.0,   0.0,   0.0,   1.0,   1.0,
VIEW______ MESH______ stage1_base		18000.0,    1000.0,    0.0,   0.0,   0.0,   0.0,   1.0,   1.0,
VIEW______ MESH______ stage1_back		18000.0,  1450.0, 1000.0,   0.0,   0.0,   0.0,   1.0,   1.0,
VIEW______ MESH______ stage1_base		18000.0,    2000.0,    0.0,   0.0,   0.0,   0.0,   1.0,   1.0,
VIEW______ MESH______ stage1_back		18000.0,  2450.0, 1000.0,   0.0,   0.0,   0.0,   1.0,   1.0,
VIEW______ MESH______ stage1_base		18000.0,    3000.0,    0.0,   0.0,   0.0,   0.0,   1.0,   1.0,
VIEW______ MESH______ stage1_back		18000.0,  3450.0, 1000.0,   0.0,   0.0,   0.0,   1.0,   1.0,
VIEW______ MESH______ stage1_base		19000.0,    1000.0,    0.0,   0.0,   0.0,   0.0,   1.0,   1.0,
VIEW______ MESH______ stage1_back		19000.0,  1450.0, 1000.0,   0.0,   0.0,   0.0,   1.0,   1.0,
VIEW______ MESH______ stage1_base		19000.0,    2000.0,    0.0,   0.0,   0.0,   0.0,   1.0,   1.0,
VIEW______ MESH______ stage1_back		19000.0,  2450.0, 1000.0,   0.0,   0.0,   0.0,   1.0,   1.0,
VIEW______ MESH______ stage1_base		19000.0,    3000.0,    0.0,   0.0,   0.0,   0.0,   1.0,   1.0,
VIEW______ MESH______ stage1_back		19000.0,  3450.0, 1000.0,   0.0,   0.0,   0.0,   1.0,   1.0,
VIEW______ MESH______ stage1_base		20000.0,    1000.0,    0.0,   0.0,   0.0,   0.0,   1.0,   1.0,
VIEW______ MESH______ stage1_back		20000.0,  1450.0, 1000.0,   0.0,   0.0,   0.0,   1.0,   1.0,
VIEW______ MESH______ stage1_base		20000.0,    2000.0,    0.0,   0.0,   0.0,   0.0,   1.0,   1.0,
VIEW______ MESH______ stage1_back		20000.0,  2450.0, 1000.0,   0.0,   0.0,   0.0,   1.0,   1.0,
VIEW______ MESH______ stage1_base		20000.0,    3000.0,    0.0,   0.0,   0.0,   0.0,   1.0,   1.0,
VIEW______ MESH______ stage1_back		20000.0,  3450.0, 1000.0,   0.0,   0.0,   0.0,   1.0,   1.0,
VIEW______ MESH______ stage1_base		21000.0,    1000.0,    0.0,   0.0,   0.0,   0.0,   1.0,   1.0,
VIEW______ MESH______ stage1_back		21000.0,  1450.0, 1000.0,   0.0,   0.0,   0.0,   1.0,   1.0,
VIEW______ MESH______ stage1_base		21000.0,    2000.0,    0.0,   0.0,   0.0,   0.0,   1.0,   1.0,
VIEW______ MESH______ stage1_back		21000.0,  2450.0, 1000.0,   0.0,   0.0,   0.0,   1.0,   1.0,
VIEW______ MESH______ stage1_base		22000.0,    1000.0,    0.0,   0.0,   0.0,   0.0,   1.0,   1.0,
VIEW______ MESH______ stage1_back		22000.0,  1450.0, 1000.0,   0.0,   0.0,   0.0,   1.0,   1.0,
VIEW______ MESH______ stage1_base		22000.0,    2000.0,    0.0,   0.0,   0.0,   0.0,   1.0,   1.0,
VIEW______ MESH______ stage1_back		22000.0,  2450.0, 1000.0,   0.0,   0.0,   0.0,   1.0,   1.0,
VIEW______ MESH______ stage1_base		23000.0,    1000.0,    0.0,   0.0,   0.0,   0.0,   1.0,   1.0,
VIEW______ MESH______ stage1_back		23000.0,  1450.0, 1000.0,   0.0,   0.0,   0.0,   1.0,   1.0,
VIEW______ MESH______ stage1_base		23000.0,    2000.0,    0.0,   0.0,   0.0,   0.0,   1.0,   1.0,
VIEW______ MESH______ stage1_back		23000.0,  2450.0, 1000.0,   0.0,   0.0,   0.0,   1.0,   1.0,
VIEW______ MESH______ stage1_base		24000.0,    1000.0,    0.0,   0.0,   0.0,   0.0,   1.0,   1.0,
VIEW______ MESH______ stage1_back		24000.0,  1450.0, 1000.0,   0.0,   0.0,   0.0,   1.0,   1.0,
VIEW______ MESH______ stage1_base		-5000.0,    0.0,    0.0,   0.0,   0.0,   0.0,   1.0,   1.0,
VIEW______ MESH______ stage1_back		-5000.0,  500.0, 1000.0,   0.0,   0.0,   0.0,   1.0,   1.0,
VIEW______ MESH______ stage1_base		-4000.0,    0.0,    0.0,   0.0,   0.0,   0.0,   1.0,   1.0,
VIEW______ MESH______ stage1_back		-4000.0,  300.0, 1000.0,   0.0,   0.0,   0.0,   1.0,   1.0,
VIEW______ MESH______ stage1_base		-3000.0,    0.0,    0.0,   0.0,   0.0,   0.0,   1.0,   1.0,
VIEW______ MESH______ stage1_back		-3000.0,  200.0, 1000.0,   0.0,   0.0,   0.0,   1.0,   1.0,
VIEW______ MESH______ stage1_base		-2000.0,    0.0,    0.0,   0.0,   0.0,   0.0,   1.0,   1.0,
VIEW______ MESH______ stage1_back		-2000.0,  500.0, 1000.0,   0.0,   0.0,   0.0,   1.0,   1.0,
VIEW______ MESH______ stage1_base		-1000.0,    0.0,    0.0,   0.0,   0.0,   0.0,   1.0,   1.0,
VIEW______ MESH______ stage1_back		-1000.0,  200.0, 1000.0,   0.0,   0.0,   0.0,   1.0,   1.0,
VIEW______ MESH______ stage1_base		   0.0,    0.0,    0.0,   0.0,   0.0,   0.0,   1.0,   1.0,
VIEW______ MESH______ stage1_back		   0.0, 100.0, 1000.0,   0.0,   0.0,   0.0,   1.0,   1.0,
VIEW______ MESH______ stage1_base		 1000.0,	0.0,    0.0,   0.0,   0.0,   0.0,   1.0,   1.0,
VIEW______ MESH______ stage1_back		 1000.0,  200.0, 1000.0,   0.0,   0.0,   0.0,   1.0,   1.0,
VIEW______ MESH______ stage1_base		 2000.0,    0.0,    0.0,   0.0,   0.0,   0.0,   1.0,   1.0,
VIEW______ MESH______ stage1_back		 2000.0,  200.0, 1000.0,   0.0,   0.0,   0.0,   1.0,   1.0,
VIEW______ MESH______ stage1_base		 3000.0,    0.0,    0.0,   0.0,   0.0,   0.0,   1.0,   1.0,
VIEW______ MESH______ stage1_back		 3000.0,  100.0, 1000.0,   0.0,   0.0,   0.0,   1.0,   1.0,
VIEW______ MESH______ stage1_base		 4000.0,    0.0,    0.0,   0.0,   0.0,   0.0,   1.0,   1.0,
VIEW______ MESH______ stage1_back		 4000.0,  100.0, 1000.0,   0.0,   0.0,   0.0,   1.0,   1.0,
VIEW______ MESH______ stage1_base		 5000.0,    0.0,    0.0,   0.0,   0.0,   0.0,   1.0,   1.0,
VIEW______ MESH______ stage1_back		 5000.0,  400.0, 1000.0,   0.0,   0.0,   0.0,   1.0,   1.0,
VIEW______ MESH______ stage1_base		 6000.0,    0.0,    0.0,   0.0,   0.0,   0.0,   1.0,   1.0,
VIEW______ MESH______ stage1_back		 6000.0,  500.0, 1000.0,   0.0,   0.0,   0.0,   1.0,   1.0,
VIEW______ MESH______ stage1_base		 7000.0,    0.0,    0.0,   0.0,   0.0,   0.0,   1.0,   1.0,
VIEW______ MESH______ stage1_back		 7000.0,  300.0, 1000.0,   0.0,   0.0,   0.0,   1.0,   1.0,
VIEW______ MESH______ stage1_base		 8000.0,    0.0,    0.0,   0.0,   0.0,   0.0,   1.0,   1.0,
VIEW______ MESH______ stage1_back		 8000.0,  200.0, 1000.0,   0.0,   0.0,   0.0,   1.0,   1.0,
VIEW______ MESH______ stage1_base		 9000.0,    0.0,    0.0,   0.0,   0.0,   0.0,   1.0,   1.0,
VIEW______ MESH______ stage1_back		 9000.0,  350.0, 1000.0,   0.0,   0.0,   0.0,   1.0,   1.0,
VIEW______ MESH______ stage1_base		10000.0,    0.0,    0.0,   0.0,   0.0,   0.0,   1.0,   1.0,
VIEW______ MESH______ stage1_back		10000.0,  450.0, 1000.0,   0.0,   0.0,   0.0,   1.0,   1.0,
VIEW______ MESH______ stage1_base		11000.0,    0.0,    0.0,   0.0,   0.0,   0.0,   1.0,   1.0,
VIEW______ MESH______ stage1_back		11000.0,  400.0, 1000.0,   0.0,   0.0,   0.0,   1.0,   1.0,
VIEW______ MESH______ stage1_base		12000.0,    0.0,    0.0,   0.0,   0.0,   0.0,   1.0,   1.0,
VIEW______ MESH______ stage1_back		12000.0,  250.0, 1000.0,   0.0,   0.0,   0.0,   1.0,   1.0,
VIEW______ MESH______ stage1_base		13000.0,    0.0,    0.0,   0.0,   0.0,   0.0,   1.0,   1.0,
VIEW______ MESH______ stage1_back		13000.0,  400.0, 1000.0,   0.0,   0.0,   0.0,   1.0,   1.0,
VIEW______ MESH______ stage1_base		14000.0,    0.0,    0.0,   0.0,   0.0,   0.0,   1.0,   1.0,
VIEW______ MESH______ stage1_back		14000.0,  200.0, 1000.0,   0.0,   0.0,   0.0,   1.0,   1.0,
VIEW______ MESH______ stage1_base		15000.0,    0.0,    0.0,   0.0,   0.0,   0.0,   1.0,   1.0,
VIEW______ MESH______ stage1_back		15000.0,  350.0, 1000.0,   0.0,   0.0,   0.0,   1.0,   1.0,
VIEW______ MESH______ stage1_base		16000.0,    0.0,    0.0,   0.0,   0.0,   0.0,   1.0,   1.0,
VIEW______ MESH______ stage1_back		16000.0,  250.0, 1000.0,   0.0,   0.0,   0.0,   1.0,   1.0,
VIEW______ MESH______ stage1_base		17000.0,    0.0,    0.0,   0.0,   0.0,   0.0,   1.0,   1.0,
VIEW______ MESH______ stage1_back		17000.0,  400.0, 1000.0,   0.0,   0.0,   0.0,   1.0,   1.0,
VIEW______ MESH______ stage1_base		18000.0,    0.0,    0.0,   0.0,   0.0,   0.0,   1.0,   1.0,
VIEW______ MESH______ stage1_back		18000.0,  500.0, 1000.0,   0.0,   0.0,   0.0,   1.0,   1.0,
VIEW______ MESH______ stage1_base		19000.0,    0.0,    0.0,   0.0,   0.0,   0.0,   1.0,   1.0,
VIEW______ MESH______ stage1_back		19000.0,  350.0, 1000.0,   0.0,   0.0,   0.0,   1.0,   1.0,
VIEW______ MESH______ stage1_base		20000.0,    0.0,    0.0,   0.0,   0.0,   0.0,   1.0,   1.0,
VIEW______ MESH______ stage1_back		20000.0,  200.0, 1000.0,   0.0,   0.0,   0.0,   1.0,   1.0,
VIEW______ MESH______ stage1_base		21000.0,    0.0,    0.0,   0.0,   0.0,   0.0,   1.0,   1.0,
VIEW______ MESH______ stage1_back		21000.0,  300.0, 1000.0,   0.0,   0.0,   0.0,   1.0,   1.0,
VIEW______ MESH______ stage1_base		22000.0,    0.0,    0.0,   0.0,   0.0,   0.0,   1.0,   1.0,
VIEW______ MESH______ stage1_back		22000.0,  400.0, 1000.0,   0.0,   0.0,   0.0,   1.0,   1.0,
VIEW______ MESH______ stage1_base		23000.0,    0.0,    0.0,   0.0,   0.0,   0.0,   1.0,   1.0,
VIEW______ MESH______ stage1_back		23000.0,  450.0, 1000.0,   0.0,   0.0,   0.0,   1.0,   1.0,
VIEW______ MESH______ stage1_base		24000.0,    0.0,    0.0,   0.0,   0.0,   0.0,   1.0,   1.0,
VIEW______ MESH______ stage1_back		24000.0,  500.0, 1000.0,   0.0,   0.0,   0.0,   1.0,   1.0,
VIEW______ MESH______ stage1_base		25000.0,    0.0,    0.0,   0.0,   0.0,   0.0,   1.0,   1.0,
VIEW______ MESH______ stage1_back		25000.0,  300.0, 1000.0,   0.0,   0.0,   0.0,   1.0,   1.0,
VIEW______ MESH______ stage1_base		26000.0,    0.0,    0.0,   0.0,   0.0,   0.0,   1.0,   1.0,
VIEW______ MESH______ stage1_back		26000.0,  200.0, 1000.0,   0.0,   0.0,   0.0,   1.0,   1.0,
VIEW______ MESH______ stage1_base		27000.0,    0.0,    0.0,   0.0,   0.0,   0.0,   1.0,   1.0,
VIEW______ MESH______ stage1_back		27000.0,  450.0, 1000.0,   0.0,   0.0,   0.0,   1.0,   1.0,
VIEW______ MESH______ stage1_base		28000.0,    0.0,    0.0,   0.0,   0.0,   0.0,   1.0,   1.0,
VIEW______ MESH______ stage1_back		28000.0,  350.0, 1000.0,   0.0,   0.0,   0.0,   1.0,   1.0,
VIEW______ MESH______ stage1_base		29000.0,    0.0,    0.0,   0.0,   0.0,   0.0,   1.0,   1.0,
VIEW______ MESH______ stage1_back		29000.0,  200.0, 1000.0,   0.0,   0.0,   0.0,   1.0,   1.0,
VIEW______ MESH______ stage1_base		30000.0,    0.0,    0.0,   0.0,   0.0,   0.0,   1.0,   1.0,
VIEW______ MESH______ stage1_back		30000.0,  500.0, 1000.0,   0.0,   0.0,   0.0,   1.0,   1.0,
VIEW______ MESH______ stage1_base		31000.0,    0.0,    0.0,   0.0,   0.0,   0.0,   1.0,   1.0,
VIEW______ MESH______ stage1_back		31000.0,  350.0, 1000.0,   0.0,   0.0,   0.0,   1.0,   1.0,
VIEW______ MESH______ stage1_base		32000.0,    0.0,    0.0,   0.0,   0.0,   0.0,   1.0,   1.0,
VIEW______ MESH______ stage1_back		32000.0,  300.0, 1000.0,   0.0,   0.0,   0.0,   1.0,   1.0,
VIEW______ MESH______ stage1_base		33000.0,    0.0,    0.0,   0.0,   0.0,   0.0,   1.0,   1.0,
VIEW______ MESH______ stage1_back		33000.0,  400.0, 1000.0,   0.0,   0.0,   0.0,   1.0,   1.0,
VIEW______ MESH______ stage1_base		34000.0,    0.0,    0.0,   0.0,   0.0,   0.0,   1.0,   1.0,
VIEW______ MESH______ stage1_back		34000.0,  200.0, 1000.0,   0.0,   0.0,   0.0,   1.0,   1.0,
VIEW______ MESH______ stage1_base		35000.0,    0.0,    0.0,   0.0,   0.0,   0.0,   1.0,   1.0,
VIEW______ MESH______ stage1_back		35000.0,  450.0, 1000.0,   0.0,   0.0,   0.0,   1.0,   1.0,
VIEW______ MESH______ stage1_base		36000.0,    0.0,    0.0,   0.0,   0.0,   0.0,   1.0,   1.0,

 
VIEW______ SO_SHAREAL cloud1			 -800.0, 4500.0, 1400.0,   0.0,   0.0,   0.0,   1.0,   1.0,
VIEW______ SO_SHAREAL cloud1			 1000.0, 4500.0, 1500.0,   0.0,   0.0,   0.0,   3.0,   3.0,
VIEW______ SO_SHAREAL cloud1			 2500.0, 4800.0, 1300.0,   0.0,   0.0,   0.0,   1.0,   1.0,
VIEW______ SO_SHAREAL cloud1			 3000.0, 4200.0, 1400.0,   0.0,   0.0,   0.0,   2.0,   2.0,
VIEW______ SO_SHAREAL cloud1			 5200.0, 4500.0, 1300.0,   0.0,   0.0,   0.0,   3.5,   3.5,
VIEW______ SO_SHAREAL cloud1			 7000.0, 4000.0, 1500.0,   0.0,   0.0,   0.0,   1.0,   1.0,
VIEW______ SO_SHAREAL cloud1			 7500.0, 4600.0, 1400.0,   0.0,   0.0,   0.0,   2.0,   2.0,
VIEW______ SO_SHAREAL cloud1			 9000.0, 4800.0, 1500.0,   0.0,   0.0,   0.0,   3.0,   3.0,
VIEW______ SO_SHAREAL cloud1			11500.0, 4500.0, 1600.0,   0.0,   0.0,   0.0,   4.0,   4.0,
VIEW______ SO_SHAREAL cloud1			13000.0, 4700.0, 1500.0,   0.0,   0.0,   0.0,   3.0,   3.0,
VIEW______ SO_SHAREAL cloud1			15000.0, 4400.0, 1500.0,   0.0,   0.0,   0.0,   2.0,   2.0,

VIEW_HIT__ SO_REAL___ kaidan			1900.0, 2000.0,    0.0,   0.0,   0.0,   0.0,   1.0,   1.0, 
VIEW_HIT__ SO_REAL___ kaidan			4900.0, 1000.0,    0.0,   0.0,   0.0,   0.0,   1.0,   1.0, 
VIEW_HIT__ SO_REAL___ kaidan			12100.0, 1000.0,    0.0,   0.0,   180.0,   0.0,   1.0,   1.0, 
VIEW_HIT__ SO_REAL___ kaidan			15100.0, 2000.0,    0.0,   0.0,   180.0,   0.0,   1.0,   1.0, 
VIEW_HIT__ SO_REAL___ kaidan			20900.0, 2000.0,    0.0,   0.0,   0.0,   0.0,   1.0,   1.0,
VIEW_HIT__ SO_REAL___ kaidan			23900.0, 1000.0,    0.0,   0.0,   0.0,   0.0,   1.0,   1.0,
VIEW_HIT__ SO_REAL___ kaidan			24900.0, 0.0,    0.0,   0.0,   0.0,   0.0,   1.0,   1.0,


VIEW_HIT__ SO_SHAREAL park1			33000.0, 0.0,    0.0,   0.0,   0.0,   0.0,   1.0,   1.0, 
VIEW_HIT__ SO_SHAREAL park2			33800.0, 0.0,    0.0,   0.0,   0.0,   0.0,   1.0,   1.0, 
VIEW_HIT__ SO_SHAREAL park2			34300.0, 0.0,    0.0,   0.0,   0.0,   0.0,   1.0,   1.0, 
VIEW_HIT__ SO_REAL___ park1			35100.0, 0.0,    0.0,   0.0,   180.0,   0.0,   1.0,   1.0, 


VIEW_HIT__ SO_SHADOW_ pink			1000.0,3000.0,    0.0,   0.0,   0.0,   0.0,   1.0,   1.0, 
VIEW_HIT__ SO_SHADOW_ pink			1000.0,3500.0,    0.0,   0.0,   0.0,   0.0,   1.0,   1.0, 
VIEW_HIT__ SO_SHADOW_ pink			1000.0,4000.0,    0.0,   0.0,   0.0,   0.0,   1.0,   1.0, 


VIEW_HIT__ SO_SHADOW_ tetu2			17000.0, 3000.0,    0.0,   0.0,   0.0,   0.0,   1.0,   1.0, 
VIEW_HIT__ SO_SHADOW_ tetu			18550.0, 3000.0,    0.0,   0.0,   0.0,   0.0,   1.0,   1.0,

END_______


VIEW______ SO_SHAREAL wood			1500.0, 0.0, 1200.0,   0.0,   0.0,   0.0,   0.5,  0.5,


VIEW_HIT__ SO_SHAREAL kanban			-1000.0, 3000.0,    200.0,   0.0,   45.0,   0.0,   1.0,   1.0,

