EXECUTE_	50,

TALK____	 500.0, 150.0, 2, 1, 2,		S_NONE
今、あなたが上に乗っている物は	255, 0, 255, 255,
「完全物体」！					255, 0, 0, 255,
TALK_STA

TALK____	 500.0, 150.0, 2, 1, 3,		S_NONE
地面に影が付いて、色も付いて	255, 0, 255, 255,
魔法も受け付けない				255, 0, 255, 255,
どうする事も出来ない物体よ！	255, 0, 255, 255,
TALK_STA

TALK____	 500.0, 150.0, 2, 1, 1,		S_NONE
次は前を見て！					255, 0, 255, 255,
TALK_STA

OBJ_CHAN	CAMERA__	PARALLEL
OBJ_MOVE	CAMERA__	100,	15.0,	-4.0,    3.0,
EXECUTE_	120,

TALK____	 500.0, 150.0, 2, 1, 3,		S_NONE
この透明で色が付いていて		255, 0, 255, 255,
地面に影がない物体は			255, 0, 255, 255,
「半実体」！					255, 0, 0, 255,
TALK_STA

TALK____	 500.0, 150.0, 2, 1, 3,		S_NONE
この物体は						255, 0, 255, 255,
実体に影が付いていない			255, 0, 0, 255,
状態で							255, 0, 255, 255,
TALK_STA

TALK____	 500.0, 150.0, 2, 1, 2,		S_NONE
あなたや、わたしは				255, 0, 255, 255,
この物体に触る事が出来ないの！	255, 0, 0, 255,
TALK_STA

TALK____	 500.0, 150.0, 2, 1, 2,		S_NONE
影の住人は影にしか				255, 0, 255, 255,
触る事が出来ないからね！		255, 0, 255, 255,
TALK_STA

TALK____	 500.0, 150.0, 2, 1, 3,		S_NONE
地面は常に影と実体は			255, 0, 255, 255,
一緒で、触れるから				255, 0, 255, 255,
安心してね！					255, 0, 255, 255,
TALK_STA

TALK____	 500.0, 150.0, 2, 1, 3,		S_NONE
この「半実体」を				255, 0, 255, 255,
触れるようにする方法が			255, 0, 255, 255,
あるんだけど…					255, 0, 255, 255,
TALK_STA

TALK____	 500.0, 150.0, 2, 1, 2,		S_NONE
ここでやっと					255, 0, 255, 255,
魔法の登場ね!					255, 0, 255, 255,
TALK_STA

TALK____	 500.0, 150.0, 2, 1, 3,		S_NONE
あなたの影魔法の				255, 0, 255, 255,
実体に影を付けられる			255, 0, 0, 255,
「シャドウボール」で			255, 0, 0, 255,
TALK_STA

TALK____	 500.0, 150.0, 2, 1, 2,		S_NONE
「半実体」に					255, 0, 255, 255,
影を付けるのよ！				255, 0, 0, 255,
TALK_STA

OBJ_CHAN	PLAYER__	LIMIT_KO	3

INPUTOPE	2,		3,

TALK____	 700.0, 150.0, 3, 1, 2,		S_NONE
右手の左ボタン(Zキー)を			0, 0, 0, 255,
押して下さい					0, 0, 0, 255,
INPUTWAI	7,

INPUTOPE	2,		7,
EXECUTE_	60,

TALK____	 500.0, 150.0, 2, 1, 2,		S_NONE
これで、この物体に				255, 0, 255, 255,
影が付いたわ！					255, 0, 255, 255,
TALK_STA

TALK____	 500.0, 150.0, 2, 1, 3,		S_NONE
この不透明で、地面に			255, 0, 255, 255,
影が付いていない物体は			255, 0, 255, 255,
「未完全物体」っていうの！		255, 0, 0, 255,
TALK_STA

TALK____	 500.0, 150.0, 2, 1, 3,		S_NONE
「完全物体」とちょっと			255, 0, 255, 255,
似てるけど、地面の影に			255, 0, 255, 255,
注意すれば、きっと大丈夫！		255, 0, 255, 255,
TALK_STA

TALK____	 500.0, 150.0, 2, 1, 3,		S_NONE
そしてもう一つ！				255, 0, 255, 255,
今度はこの「未完全物体」を		255, 0, 255, 255,
もとに戻す方法が有るんだけど…	255, 0, 255, 255,
TALK_STA

TALK____	 500.0, 150.0, 2, 1, 2,		S_NONE
今度はあなたのもう一つの影魔法	255, 0, 255, 255,
「シャインボール」を使うのよ！	255, 0, 0, 255,
TALK_STA

TALK____	 500.0, 150.0, 2, 1, 2,		S_NONE
シャインボールは影を消せるわ！	255, 0, 0, 255,
試してみて！					255, 0, 255, 255,
TALK_STA

TALK____	 700.0, 150.0, 3, 1, 2,		S_NONE
右手の右ボタン(Cキー)を			0, 0, 0, 255,
押して下さい					0, 0, 0, 255,
INPUTWAI	4,

INPUTOPE	2,		4,
EXECUTE_	60,

TALK____	 500.0, 150.0, 2, 1, 2,		S_NONE
半透明に戻ったね！				255, 0, 255, 255,
これで元に戻ったわ！			255, 0, 255, 255,
TALK_STA

TALK____	 500.0, 150.0, 2, 1, 3,		S_NONE
でも一つ注意して欲しいのは		255, 0, 255, 255,
「完全物体」の影は消せないわ！	255, 0, 0, 255,
注意してね！					255, 0, 255, 255,
TALK_STA

OBJ_MOVE	CAMERA__	100,   -15.0,     4.0,   -3.0,
EXECUTE_	120,
OBJ_CHAN	CAMERA__	PARACHAS

OBJ_CREA	CEFFECT_
next_arrow	0,	800.0, 200.0, 0.0, 0.0, 0.0, 0.0, 1.0, 1.0, WAIT_2D_
EXECUTE_	 60,

EV_QUIT_