EXECUTE_	60,

OBJ_CHAN	PLAYER__	CHANGEKO

EXECUTE_	30,

TALK____	 500.0, 150.0, 2, 1, 2,		S_NONE
この公園だけで					255, 0, 255, 255,
凄い荒らされようだわ…			255, 0, 255, 255,
TALK_STA

TALK____	 300.0, 200.0, 0, 1, 3,		S_NONE
この調子だと、					150, 150, 255, 255,
この先も変な生き物が			150, 150, 255, 255,
沢山いそうだね…				150, 150, 255, 255,
TALK_STA

TALK____	 500.0, 150.0, 2, 1, 2,		S_NONE
あの女が変な生き物を			255, 0, 255, 255,
出してたのよね…				255, 0, 255, 255,
TALK_STA

TALK____	 300.0, 200.0, 0, 1, 3,		S_NONE
うん…でも						150, 150, 255, 255,
「あの方」とか言ってたよね		150, 150, 255, 255,
リーダーが居るんだよ…きっと	150, 150, 255, 255,
TALK_STA

TALK____	 500.0, 150.0, 2, 1, 1,		S_NONE
カゲオ、怖い？					255, 0, 255, 255,
TALK_STA

TALK____	 300.0, 200.0, 0, 1, 3,		S_NONE
いや、ちょっと気になるし		150, 150, 255, 255,
少しワクワクしてきたから、		150, 150, 255, 255,
大丈夫！						150, 150, 255, 255,
TALK_STA

TALK____	 300.0, 200.0, 1, 1, 3,		S_NONE
この事態が影の世界中に			150, 150, 255, 255,
広がったら大変だよ！			150, 150, 255, 255,
早く食い止めよう！				150, 150, 255, 255,
TALK_STA

TALK____	 500.0, 150.0, 2, 1, 3,		S_NONE
よく言ったわ！					255, 0, 255, 255,
とっとと行こう♪				255, 0, 255, 255,
(ちょっとカッコいいかも♪)		255, 0, 255, 255,
TALK_STA

OBJ_CREA	CEFFECT_
next_arrow	0,	800.0, 200.0, 0.0, 0.0, 0.0, 0.0, 1.0, 1.0, WAIT_2D_
EXECUTE_	 60,

EV_QUIT_