EXECUTE_	60,

OBJ_CHAN	PLAYER__	CHANGEKO

EXECUTE_	30,

TALK____	 350.0, 250.0, 0, 1, 2,		S_NONE
なんか、公園の					150, 150, 255, 255,
様子が変だったね…				150, 150, 255, 255,
TALK_STA

TALK____	 500.0, 200.0, 2, 0, 2,		S_NONE
そうね…						255, 0, 255, 255,
へんな生き物がいたし、			255, 0, 255, 255,
TALK_STA

TALK____	 500.0, 200.0, 2, 0, 3,		S_NONE
本当は影の世界でも、			255, 0, 255, 255,
大体の物体が「完全実体」で		255, 0, 255, 255,
あるハズなのに					255, 0, 255, 255,
TALK_STA

TALK____	 500.0, 200.0, 2, 0, 3,		S_NONE
この公園だけでも、				255, 0, 255, 255,
かなりの数の物体が				255, 0, 255, 255,
違う状態だった…				255, 0, 255, 255,
TALK_STA

TALK____	 500.0, 200.0, 2, 0, 3,		S_NONE
おそらく、						255, 0, 255, 255,
誰かが仕組んでるのね			255, 0, 255, 255,
あの変な生き物も、物体も…		255, 0, 255, 255,
TALK_STA

TALK____	 350.0, 250.0, 0, 1, 1,		S_NONE
”誰か”って、誰？				150, 150, 255, 255,
TALK_STA

TALK____	 500.0, 200.0, 2, 0, 3,		S_NONE
そんなの知らないわよ！			255, 0, 255, 255,
でも、何か原因が				255, 0, 255, 255,
有る事は確かよ！				255, 0, 255, 255,
TALK_STA

TALK____	 350.0, 250.0, 0, 1, 3,		S_NONE
ま、まさか…					150, 150, 255, 255,
その原因を調べようと			150, 150, 255, 255,
してないよね？(汗)				150, 150, 255, 255,
TALK_STA

TALK____	 500.0, 200.0, 2, 0, 1,		S_NONE
その、まさかよ♪				255, 0, 255, 255,
TALK_STA

TALK____	 350.0, 250.0, 0, 1, 1,		S_NONE
やっぱり…(泣)					150, 150, 255, 255,
TALK_STA

TALK____	 500.0, 200.0, 2, 0, 3,		S_NONE
公園もまだ中間地点だし、		255, 0, 255, 255,
とっとと先進むわよ！			255, 0, 255, 255,
事件の匂いもするしね〜♪		255, 0, 255, 255,
TALK_STA

TALK____	 350.0, 250.0, 0, 1, 2,		S_NONE
ふ〜〜…						150, 150, 255, 255,
修行をサボるんじゃなかった…	150, 150, 255, 255,
TALK_STA

OBJ_CREA	CEFFECT_
next_arrow	0,	800.0, 200.0, 0.0, 0.0, 0.0, 0.0, 1.0, 1.0, WAIT_2D_
EXECUTE_	 60,

EV_QUIT_