SHADOLL___
6800.0, 1800.0, 0.0,
-5000.0,  5000.0, -5000.0,  5000.0, -1000.0,  1000.0,
 5600.0,  8000.0,   300.0,  3300.0, -1500.0,  1500.0,
 
SHADOLL___
23000.0, 100.0, 0.0,
 -5000.0,  5000.0, -5000.0,  5000.0, -1000.0,  1000.0,
 21500.0, 24500.0, -1400.0,  1600.0, -1500.0,  1500.0,
 
SHADOLL_SW
17300.0, 100.0, 0.0,
 -5000.0,  5000.0, -5000.0,  5000.0, -1000.0,  1000.0,
 15800.0, 18800.0, -1400.0,  1600.0, -1500.0,  1500.0,
 
SHADOG____
11900.0, 100.0, 0.0,
 -5000.0,  5000.0, -5000.0,  5000.0, -1000.0,  1000.0,
 10400.0, 13400.0, -1400.0,  1600.0, -1500.0,  1500.0,
 
 END______