SHADOLL_SW
3000.0, 2100.0, 0.0,
-5000.0,  5000.0, -3000.0,  2000.0, -1000.0,  1000.0,
 1750.0,  4300.0,  2000.0,  4000.0,  -100.0,   100.0,

SHADOLL_SW
9000.0, 2700.0, 0.0,
-5000.0,  5000.0, -3000.0,  2000.0, -1000.0,  1000.0,
 8000.0, 10600.0,  2600.0,  4600.0,  -100.0,   100.0,

SHADOLL_SW
14000.0, 2100.0, 0.0,
-5000.0,  5000.0, -3000.0,  2000.0, -1000.0,  1000.0,
12600.0, 15300.0,  2000.0,  4000.0,  -100.0,   100.0,

SHADOLL_SW
21600.0, 2100.0, 0.0,
-5000.0,  5000.0, -3000.0,  2000.0, -1000.0,  1000.0,
20600.0, 23200.0,  2000.0,  4000.0,  -100.0,   100.0,

SHADOLL_SW
22600.0, 2100.0, 0.0,
-5000.0,  5000.0, -3000.0,  2000.0, -1000.0,  1000.0,
20600.0, 23200.0,  2000.0,  4000.0,  -100.0,   100.0,

SHADOLL_SW
26000.0, 100.0, 0.0,
-5000.0,  5000.0, -3000.0,  2000.0, -1000.0,  1000.0,
24700.0, 26800.0,     0.0,  2000.0,  -100.0,   100.0,

SHADOG____
4800.0, 1100.0, 0.0,
-5000.0,  5000.0, -3000.0,  1500.0, -1000.0,  1000.0,
 4700.0,  7700.0,  1000.0,  3000.0,  -100.0,   100.0,

SHADOG____
7600.0, 1100.0, 0.0,
-5000.0,  5000.0, -3000.0,  1500.0, -1000.0,  1000.0,
 4700.0,  7700.0,  1000.0,  3000.0,  -100.0,   100.0,

SHADOG____
11000.0, 1100.0, 0.0,
-5000.0,  5000.0, -2000.0,  1500.0, -1000.0,  1000.0,
10900.0, 12300.0,  1000.0,  3000.0,  -100.0,   100.0,

SHADOG____
12200.0, 1100.0, 0.0,
-5000.0,  5000.0, -3000.0,  1500.0, -1000.0,  1000.0,
10900.0, 12300.0,  1000.0,  3000.0,  -100.0,   100.0,

SHADOG____
16700.0, 3100.0, 0.0,
-5000.0,  5000.0, -3000.0,  2000.0, -1000.0,  1000.0,
15600.0, 20300.0,  3000.0,  5000.0,  -100.0,   100.0,

SHADOG____
18700.0, 3100.0, 0.0,
-5000.0,  5000.0, -2000.0,  3000.0, -1000.0,  1000.0,
15600.0, 20300.0,  3000.0,  5000.0,  -100.0,   100.0,
 
 END______