SHADOLL_AR
3000.0, 100.0, 0.0,
-3000.0,  3000.0, -3000.0,  2000.0, -1000.0,  1000.0,
 2000.0,  4000.0,     0.0,  1000.0,  -100.0,   100.0,

SHADOLL_AR
5400.0, 1130.0, 0.0,
-3000.0,  3000.0, -3000.0,  2000.0, -1000.0,  1000.0,
 4400.0,  6400.0,     0.0,  2000.0,  -100.0,   100.0,

SHADOLL_AR
9000.0, 1130.0, 0.0,
-3000.0,  3000.0, -3000.0,  2000.0, -1000.0,  1000.0,
 8000.0, 10000.0,     0.0,  2000.0,  -100.0,   100.0,

SHADOLL_AR
11000.0, 1130.0, 0.0,
-3000.0,  3000.0, -3000.0,  2000.0, -1000.0,  1000.0,
10000.0, 12000.0,     0.0,  2000.0,  -100.0,   100.0,

SHADOLL_AR
18000.0, 1130.0, 0.0,
-3000.0,  3000.0, -3000.0,  2000.0, -1000.0,  1000.0,
17000.0, 19000.0,     0.0,  2000.0,  -100.0,   100.0,

SHADOLL_AR
25000.0, 1130.0, 0.0,
-3000.0,  3000.0, -3000.0,  2000.0, -1000.0,  1000.0,
24000.0, 26000.0,     0.0,  2000.0,  -100.0,   100.0,

SHADOLL_AR
27500.0, 1130.0, 0.0,
-3000.0,  3000.0, -3000.0,  2000.0, -1000.0,  1000.0,
26500.0, 28500.0,     0.0,  2000.0,  -100.0,   100.0,

SHADOLL_AR
27500.0, 1130.0, 0.0,
-3000.0,  3000.0, -3000.0,  2000.0, -1000.0,  1000.0,
26500.0, 28500.0,     0.0,  2000.0,  -100.0,   100.0,

SHADOLL_AR
30000.0, 1130.0, 0.0,
-3000.0,  3000.0, -3000.0,  2000.0, -1000.0,  1000.0,
29000.0, 31000.0,     0.0,  2000.0,  -100.0,   100.0,

SHADOLL_SW
14000.0, 10.0, 0.0,
-5000.0,  5000.0, -3000.0,  1500.0, -1000.0,  1000.0,
12400.0, 16800.0,     0.0,  3000.0,  -100.0,   100.0,

SHADOLL_SW
22000.0, 10.0, 0.0,
-5000.0,  5000.0, -3000.0,  1500.0, -1000.0,  1000.0,
19300.0, 23000.0,     0.0,  3000.0,  -100.0,   100.0,

SHADOG____
7300.0, 1100.0, 0.0,
-3000.0,  3000.0, -3000.0,  1500.0, -1000.0,  1000.0,
 6800.0,  7800.0,     0.0,  3000.0,  -100.0,   100.0,

SHADOG____
15500.0, 10.0, 0.0,
-5000.0,  5000.0, -3000.0,  1500.0, -1000.0,  1000.0,
12400.0, 16800.0,     0.0,  3000.0,  -100.0,   100.0,

SHADOG____
20000.0, 10.0, 0.0,
-5000.0,  5000.0, -3000.0,  1500.0, -1000.0,  1000.0,
19300.0, 23000.0,     0.0,  3000.0,  -100.0,   100.0,

SHADOG____
32600.0, 10.0, 0.0,
-5000.0,  5000.0, -3000.0,  1500.0, -1000.0,  1000.0,
31300.0, 33700.0,     0.0,  3000.0,  -100.0,   100.0,

SHADOG____
35000.0, 1130.0, 0.0,
-3000.0,  3000.0, -3000.0,  2000.0, -1000.0,  1000.0,
34000.0, 36000.0,     0.0,  2000.0,  -100.0,   100.0,

END______